55033 +0.0 2021-01-15 5530.21
55033 -55.0 2021-02-17 5475.22
55032 +55.0 2021-01-17 4089.78
55033 -55.69 2021-04-17 5474.53
55034 +55.69 2021-02-03 193.21
55034 -23.04 2021-03-11 114.48
55032 +23.04 2021-05-17 4112.82
55032 -22.09 2021-12-01 4090.73
55033 +22.09 2021-12-02 5497.30
55032 -78.0 2021-12-03 4034.82
55032 -22.09 2021-12-15 4888.73
55032 +10.0 2021-12-17 4132.73
55032 +67.0 2021-12-17 4199.73
55032 +55.0 2021-12-17 4254.73
55032 +80.0 2021-12-17 4334.73
55032 -44.0 2021-12-17 4290.73
55032 -50.0 2021-12-17 4240.73
55034 +50.0 2021-12-17 193.48
55034 +67.0 2021-12-17 260.48
55034 -88.0 2021-12-17 172.48
55034 -66.0 2021-12-17 106.48
55034 -10.0 2021-12-17 96.48
55032 +10.0 2021-12-17 4250.73
55034 -11.0 2021-12-17 85.48
55032 -5.0 2021-12-17 4245.73
55034 +5.0 2021-12-17 90.48
55033 -5487.3 2021-12-17 0.00
55034 +5487.3 2021-12-17 5577.78
55032 +77.0 2021-12-18 802.99
55035 +78.0 2021-12-18 78.53
55035 -2.0 2021-12-18 76.53
55032 +2.0 2021-12-18 804.99
55038 +550.0 2021-12-18 550.0
55038 +69.99 2021-12-18 619.99
55038 -78.0 2021-12-18 541.99
55039 +200.0 2021-12-18 200.0
55039 -69.0 2021-12-18 131.00
55038 +69.0 2021-12-18 610.99
55038 -610.0 2021-12-18 0.99
55032 +610.0 2021-12-18 1414.99
55038 -0.99 2021-12-18 0.00
55039 +0.99 2021-12-18 131.99
55037 +49.0 2022-03-15 49.0
55037 -30.0 2022-03-15 19.00
55032 +30.0 2022-03-15 1444.99
